System Stiffness Matrix [K_g]
 3.691333e+05     0.000000e+00     0.000000e+00    -3.691333e+05     0.000000e+00     0.000000e+00     0.000000e+00     0.000000e+00     0.000000e+00     0.000000e+00     0.000000e+00     0.000000e+00    
 0.000000e+00     5.025667e+03     1.507700e+04     0.000000e+00    -5.025667e+03     1.507700e+04     0.000000e+00     0.000000e+00     0.000000e+00     0.000000e+00     0.000000e+00     0.000000e+00    
 0.000000e+00     1.507700e+04     6.030800e+04     0.000000e+00    -1.507700e+04     3.015400e+04     0.000000e+00     0.000000e+00     0.000000e+00     0.000000e+00     0.000000e+00     0.000000e+00    
-3.691333e+05     0.000000e+00     0.000000e+00     9.228333e+05     0.000000e+00     0.000000e+00    -5.537000e+05     0.000000e+00     0.000000e+00     0.000000e+00     0.000000e+00     0.000000e+00    
 0.000000e+00    -5.025667e+03    -1.507700e+04     0.000000e+00     2.198729e+04     1.884625e+04     0.000000e+00    -1.696163e+04     3.392325e+04     0.000000e+00     0.000000e+00     0.000000e+00    
 0.000000e+00     1.507700e+04     3.015400e+04     0.000000e+00     1.884625e+04     1.507700e+05     0.000000e+00    -3.392325e+04     4.523100e+04     0.000000e+00     0.000000e+00     0.000000e+00    
 0.000000e+00     0.000000e+00     0.000000e+00    -5.537000e+05     0.000000e+00     0.000000e+00     6.357717e+05    -1.072263e+05     3.303936e+03    -8.207166e+04     1.072263e+05     3.303936e+03    
 0.000000e+00     0.000000e+00     0.000000e+00     0.000000e+00    -1.696163e+04    -3.392325e+04    -1.072263e+05     1.615819e+05    -3.144530e+04     1.072263e+05    -1.446203e+05     2.477952e+03    
 0.000000e+00     0.000000e+00     0.000000e+00     0.000000e+00     3.392325e+04     4.523100e+04     3.303936e+03    -3.144530e+04     1.042284e+05    -3.303936e+03    -2.477952e+03     6.883200e+03    
 0.000000e+00     0.000000e+00     0.000000e+00     0.000000e+00     0.000000e+00     0.000000e+00    -8.207166e+04     1.072263e+05    -3.303936e+03     8.207166e+04    -1.072263e+05    -3.303936e+03    
 0.000000e+00     0.000000e+00     0.000000e+00     0.000000e+00     0.000000e+00     0.000000e+00     1.072263e+05    -1.446203e+05    -2.477952e+03    -1.072263e+05     1.446203e+05    -2.477952e+03    
 0.000000e+00     0.000000e+00     0.000000e+00     0.000000e+00     0.000000e+00     0.000000e+00     3.303936e+03     2.477952e+03     6.883200e+03    -3.303936e+03    -2.477952e+03     1.376640e+04    

Nodal Displacement Vector {d}
 0.000000e+00
 0.000000e+00
 0.000000e+00
 2.364895e-04
-3.965683e-02
 7.908775e-04
-1.476604e-04
-1.658478e-03
 1.264356e-02
 0.000000e+00
 0.000000e+00
-4.474470e-03

Support Reaction Vector
Member1
-8.729617e+01
 2.112261e+02
 6.217541e+02
 8.729617e+01
-2.112261e+02
 6.456022e+02
Member2
 2.127038e+02
-1.887739e+02
-6.456022e+02
-2.127038e+02
 1.887739e+02
-1.094935e+02
Member3
 2.127038e+02
-1.887739e+02
 1.594935e+02
-1.727038e+02
 2.187739e+02
 0.000000e+00

Member Force Vector
Member1
-8.729617e+01
 2.112261e+02
 6.217541e+02
 8.729617e+01
-2.112261e+02
 6.456022e+02
Member2
 2.127038e+02
-1.887739e+02
-6.456022e+02
-2.127038e+02
 1.887739e+02
-1.094935e+02
Member3
 2.786414e+02
 5.689870e+01
 1.594935e+02
-2.786414e+02
-6.898700e+00
 0.000000e+00
