System Stiffness Matrix [K_g]
 4.166667e+04     0.000000e+00    -2.500000e+06    -4.166667e+04     0.000000e+00    -2.500000e+06     0.000000e+00     0.000000e+00     0.000000e+00     0.000000e+00     0.000000e+00     0.000000e+00    
 0.000000e+00     2.500000e+06     0.000000e+00     0.000000e+00    -2.500000e+06     0.000000e+00     0.000000e+00     0.000000e+00     0.000000e+00     0.000000e+00     0.000000e+00     0.000000e+00    
-2.500000e+06     0.000000e+00     2.000000e+08     2.500000e+06     0.000000e+00     1.000000e+08     0.000000e+00     0.000000e+00     0.000000e+00     0.000000e+00     0.000000e+00     0.000000e+00    
-4.166667e+04     0.000000e+00     2.500000e+06     2.541667e+06     0.000000e+00     2.500000e+06    -2.500000e+06     0.000000e+00     0.000000e+00     0.000000e+00     0.000000e+00     0.000000e+00    
 0.000000e+00    -2.500000e+06     0.000000e+00     0.000000e+00     2.520833e+06     1.250000e+06     0.000000e+00    -2.083333e+04     1.250000e+06     0.000000e+00     0.000000e+00     0.000000e+00    
-2.500000e+06     0.000000e+00     1.000000e+08     2.500000e+06     1.250000e+06     3.000000e+08     0.000000e+00    -1.250000e+06     5.000000e+07     0.000000e+00     0.000000e+00     0.000000e+00    
 0.000000e+00     0.000000e+00     0.000000e+00    -2.500000e+06     0.000000e+00     0.000000e+00     2.541667e+06     0.000000e+00     2.500000e+06    -4.166667e+04     0.000000e+00     2.500000e+06    
 0.000000e+00     0.000000e+00     0.000000e+00     0.000000e+00    -2.083333e+04    -1.250000e+06     0.000000e+00     2.520833e+06    -1.250000e+06     0.000000e+00    -2.500000e+06     0.000000e+00    
 0.000000e+00     0.000000e+00     0.000000e+00     0.000000e+00     1.250000e+06     5.000000e+07     2.500000e+06    -1.250000e+06     3.000000e+08    -2.500000e+06     0.000000e+00     1.000000e+08    
 0.000000e+00     0.000000e+00     0.000000e+00     0.000000e+00     0.000000e+00     0.000000e+00    -4.166667e+04     0.000000e+00    -2.500000e+06     4.166667e+04     0.000000e+00    -2.500000e+06    
 0.000000e+00     0.000000e+00     0.000000e+00     0.000000e+00     0.000000e+00     0.000000e+00     0.000000e+00    -2.500000e+06     0.000000e+00     0.000000e+00     2.500000e+06     0.000000e+00    
 0.000000e+00     0.000000e+00     0.000000e+00     0.000000e+00     0.000000e+00     0.000000e+00     2.500000e+06     0.000000e+00     1.000000e+08    -2.500000e+06     0.000000e+00     2.000000e+08    

Nodal Displacement Vector {d}
 0.000000e+00
 0.000000e+00
 0.000000e+00
 2.113627e-01
 1.481328e-03
-1.526033e-03
 2.093593e-01
-1.481328e-03
-1.486000e-03
 0.000000e+00
 0.000000e+00
 0.000000e+00

Member Force Vector
Member1
-3.703320e+03
 4.991694e+03
 3.758033e+05
 3.703320e+03
-4.991694e+03
 2.232000e+05
Member2
 5.008306e+03
-3.703320e+03
-2.232000e+05
-5.008306e+03
 3.703320e+03
-2.211983e+05
Member3
 3.703320e+03
 5.008306e+03
 2.261983e+05
-3.703320e+03
-5.008306e+03
 3.747983e+05
