System Stiffness Matrix [K_g]
 2.947642e+03     2.944914e+03    -4.910464e+02    -2.947642e+03    -2.944914e+03    -4.910464e+02     0.000000e+00     0.000000e+00     0.000000e+00    
 2.944914e+03     2.947642e+03     4.910464e+02    -2.944914e+03    -2.947642e+03     4.910464e+02     0.000000e+00     0.000000e+00     0.000000e+00    
-4.910464e+02     4.910464e+02     2.357023e+05     4.910464e+02    -4.910464e+02     1.178511e+05     0.000000e+00     0.000000e+00     0.000000e+00    
-2.947642e+03    -2.944914e+03     4.910464e+02     9.197642e+03     2.944914e+03     4.910464e+02    -6.250000e+03     0.000000e+00     0.000000e+00    
-2.944914e+03    -2.947642e+03    -4.910464e+02     2.944914e+03     2.950897e+03     2.902036e+02     0.000000e+00    -3.255208e+00     7.812500e+02    
-4.910464e+02     4.910464e+02     1.178511e+05     4.910464e+02     2.902036e+02     4.857023e+05     0.000000e+00    -7.812500e+02     1.250000e+05    
 0.000000e+00     0.000000e+00     0.000000e+00    -6.250000e+03     0.000000e+00     0.000000e+00     6.250000e+03     0.000000e+00     0.000000e+00    
 0.000000e+00     0.000000e+00     0.000000e+00     0.000000e+00    -3.255208e+00    -7.812500e+02     0.000000e+00     3.255208e+00    -7.812500e+02    
 0.000000e+00     0.000000e+00     0.000000e+00     0.000000e+00     7.812500e+02     1.250000e+05     0.000000e+00    -7.812500e+02     2.500000e+05    

Nodal Displacement Vector {d}
 0.000000e+00
 0.000000e+00
 0.000000e+00
 3.295014e-03
-9.742212e-03
-3.291710e-03
 0.000000e+00
 0.000000e+00
 0.000000e+00

Member Force Vector
Member1
 2.686332e+01
-2.260760e+00
-3.815298e+02
-2.686332e+01
 2.260760e+00
-7.694615e+02
Member2
 2.059384e+01
 1.739664e+01
 7.694615e+02
-2.059384e+01
 2.260336e+01
-2.019075e+03
